Basel:  37.931034%
Zanzibar:  52.380955%
Dubai:  66.66667%
Paris:  96.666664%
